################################################################################
# Symmetry function scaling data.
################################################################################
# Col  Name     Description
################################################################################
# 1    e_index  Element index.
# 2    sf_index Symmetry function index.
# 3    sf_min   Symmetry function minimum.
# 4    sf_max   Symmetry function maximum.
# 5    sf_mean  Symmetry function mean.
# 6    sf_sigma Symmetry function sigma.
#########################################################################################################################
#        1          2                        3                        4                        5                        6
#  e_index   sf_index                   sf_min                   sf_max                  sf_mean                 sf_sigma
#########################################################################################################################
         1          1   0.0000000000000000E+00   4.9797804672959262E-01   5.2566244490455348E-02   5.8557182806705299E-02
         1          2   0.0000000000000000E+00   4.2202782745988116E-01   4.8725846576272651E-02   4.8782686503305611E-02
         1          3   1.0657616439238998E-03   5.2143079668050585E-01   1.9813235710890373E-01   5.8463845662144617E-02
         1          4   0.0000000000000000E+00   7.8455122487469042E-01   1.1925524652877292E-01   1.0302915267911447E-01
         1          5   0.0000000000000000E+00   7.1897149099253033E-01   1.2132631841330357E-01   9.6289474061819480E-02
         1          6   9.7923163447144225E-03   9.0348472914549938E-01   4.5245240804760500E-01   1.0823405211126989E-01
         1          7   0.0000000000000000E+00   5.8238484655137635E-01   1.2792456188142129E-01   7.7341028000042070E-02
         1          8   0.0000000000000000E+00   5.8381482892734948E-01   1.3706042055286313E-01   7.7426061620623141E-02
         1          9   3.4154396758680899E-02   7.9037290758009526E-01   4.3337234604414970E-01   7.9802164875359766E-02
         1         10   0.0000000000000000E+00   2.4239194778470080E-01   7.0873294925846583E-02   3.3859334684937875E-02
         1         11   0.0000000000000000E+00   2.3395640811991189E-01   7.6661689410454190E-02   3.2782284904053445E-02
         1         12   4.4459657332153388E-02   3.5432149983344646E-01   1.9215730314563539E-01   3.3404662441430769E-02
         1         13   0.0000000000000000E+00   7.3674162320596065E-02   2.0472915552863142E-02   1.0097853908937620E-02
         1         14   0.0000000000000000E+00   7.1076453884966598E-02   2.1928177969580815E-02   9.8457195717701982E-03
         1         15   9.9658745877094380E-03   9.5403209126443608E-02   4.5376788130494852E-02   1.0692534022876747E-02
         1         16   0.0000000000000000E+00   3.4037397904438456E-03   1.2130961345941089E-05   4.7007067513187402E-05
         1         17   0.0000000000000000E+00   1.2656435733637240E-03   1.7889883375853008E-05   4.5463772389105388E-05
         1         18   0.0000000000000000E+00   1.8321911991318750E-03   6.0774040175571791E-05   8.6958059511063330E-05
         1         19   0.0000000000000000E+00   8.8710325939514196E-04   5.6790043955073280E-06   1.9187660564277842E-05
         1         20   0.0000000000000000E+00   9.3366159201071532E-04   3.8528480254526374E-05   5.1110108488597382E-05
         1         21   1.9708078647390743E-11   1.2981886280791970E-03   5.1613521498409128E-05   5.5332443694007260E-05
         1         22   0.0000000000000000E+00   8.7089515677295400E-03   3.5303846941061782E-05   1.3061397366287785E-04
         1         23   0.0000000000000000E+00   3.0185484192814900E-03   4.9385892351830092E-05   1.1980951959686742E-04
         1         24   0.0000000000000000E+00   4.1937815661062207E-03   1.7662135913116653E-04   2.2693440323373376E-04
         1         25   0.0000000000000000E+00   1.6394150789581479E-03   1.4751289942579243E-05   4.7356822561891436E-05
         1         26   0.0000000000000000E+00   2.0032359307800953E-03   1.0174901976726427E-04   1.2233376453032113E-04
         1         27   6.2181169583550275E-12   2.5568105100384803E-03   1.0858138459803633E-04   1.2704199568552529E-04
         1         28   0.0000000000000000E+00   6.7131815195292283E-05   1.2305227960265080E-07   7.3929048015119913E-07
         1         29   0.0000000000000000E+00   4.6152964771164414E-05   1.6274203411040318E-07   6.2506972457839648E-07
         1         30   0.0000000000000000E+00   5.7289255022231407E-05   5.1636522953337751E-07   1.2126028708354545E-06
         1         31   0.0000000000000000E+00   2.1286475864400113E-05   4.8906310163796367E-08   2.4378458315730850E-07
         1         32   0.0000000000000000E+00   3.0767899347292356E-05   3.4245086132628440E-07   6.9191073434269256E-07
         1         33   6.3739810948389723E-16   5.5029560356373503E-05   7.7231295333367908E-07   9.4925635134200153E-07
         1         34   0.0000000000000000E+00   2.2342563279931348E-03   1.0013712196537749E-05   3.6513420110721860E-05
         1         35   0.0000000000000000E+00   8.1804115454673872E-04   1.2908340665080877E-05   3.0677748846158739E-05
         1         36   0.0000000000000000E+00   1.0734917395743278E-03   4.9228709079346689E-05   5.8014932775807742E-05
         1         37   0.0000000000000000E+00   3.6821847346345037E-04   3.5254715446067162E-06   1.1024276852189485E-05
         1         38   0.0000000000000000E+00   4.6987074265421080E-04   2.5311936610910949E-05   2.7758397350190004E-05
         1         39   2.2241571224824275E-13   5.6191409219075031E-04   2.1558313178633027E-05   2.8212636371309124E-05
         1         40   0.0000000000000000E+00   7.0456147965204021E-03   1.1786573496562543E-04   3.2415738557335118E-04
         1         41   0.0000000000000000E+00   6.6329923203756018E-03   2.1786056906952388E-04   3.9360500858138099E-04
         1         42   0.0000000000000000E+00   9.4987896938165360E-03   7.6311201621485144E-04   7.7368021206673104E-04
         1         43   0.0000000000000000E+00   5.0914789904189101E-03   8.8704210247207187E-05   2.1105556158749231E-04
         1         44   0.0000000000000000E+00   6.2976692935957090E-03   6.2428493265164332E-04   5.6847260953480456E-04
         1         45   4.9428491121779092E-09   8.7358607515586016E-03   9.2408211001738724E-04   6.2271744361893603E-04
         1         46   0.0000000000000000E+00   1.8026631876125326E-02   3.3961064925989098E-04   8.7123802652308005E-04
         1         47   0.0000000000000000E+00   1.7573512225162496E-02   6.0499859817769632E-04   1.0260322325421911E-03
         1         48   0.0000000000000000E+00   2.1021077227301760E-02   2.3058017056903184E-03   1.9712828636265999E-03
         1         49   0.0000000000000000E+00   9.2027199895088514E-03   2.3411425470527296E-04   5.1918022744994457E-04
         1         50   0.0000000000000000E+00   1.3371897397184352E-02   1.7189197901362051E-03   1.3199215448221171E-03
         1         51   2.2426946439457729E-09   1.9593531545386633E-02   1.8624462045240342E-03   1.4090847233753675E-03
         1         52   0.0000000000000000E+00   4.7760905778952413E-04   1.8851225474661425E-06   8.5079977294302362E-06
         1         53   0.0000000000000000E+00   2.9014731238547186E-04   2.9230248095410426E-06   8.4486311122873213E-06
         1         54   0.0000000000000000E+00   3.4972663580933592E-04   9.0813340386193952E-06   1.6367693404266491E-05
         1         55   0.0000000000000000E+00   2.3258537730505297E-04   1.0465506047479367E-06   3.9454919420107314E-06
         1         56   0.0000000000000000E+00   2.9315848833847525E-04   7.2013903015629886E-06   1.1128523855161665E-05
         1         57   3.2749186106232174E-13   4.4119167219029557E-04   1.7740174904375576E-05   1.5792528779948285E-05
         1         58   0.0000000000000000E+00   5.3592879905801291E-03   1.0153872129120214E-04   2.5531596259262019E-04
         1         59   0.0000000000000000E+00   4.1034754070453537E-03   1.6834683000686686E-04   2.7839499732702099E-04
         1         60   0.0000000000000000E+00   5.4150164329937137E-03   7.0159622790866012E-04   5.3387262320154756E-04
         1         61   0.0000000000000000E+00   2.0963477544551261E-03   5.9929450068615990E-05   1.2833269625219952E-04
         1         62   0.0000000000000000E+00   3.1696307321931144E-03   4.7000159126191676E-04   3.1700842399733103E-04
         1         63   3.4559942446539503E-10   3.7919763936605884E-03   3.7637332891838639E-04   3.4095541518651461E-04
         1         64   0.0000000000000000E+00   3.0630725662369072E-03   9.3677606941906352E-05   1.8378393849797942E-04
         1         65   0.0000000000000000E+00   3.1246299683588765E-03   2.0415370517527854E-04   2.6614824180427058E-04
         1         66   0.0000000000000000E+00   4.1777088842848784E-03   7.0992890415007054E-04   5.2862517267222376E-04
         1         67   0.0000000000000000E+00   2.8567460137982168E-03   1.0147464661258934E-04   1.7680002179778283E-04
         1         68   0.0000000000000000E+00   3.3555075902203025E-03   7.2191749077355773E-04   4.7386557153730058E-04
         1         69   7.2043645133443598E-08   4.7995202967217217E-03   1.1586366074709691E-03   5.5380301387663298E-04
         1         70   0.0000000000000000E+00   7.3327745500806991E-03   2.6713113274267459E-04   4.7703506451953831E-04
         1         71   0.0000000000000000E+00   7.7831830129188760E-03   5.7333297183765470E-04   6.8902318679249562E-04
         1         72   0.0000000000000000E+00   1.0431531604934327E-02   2.2407833207258045E-03   1.3523184563684291E-03
         1         73   0.0000000000000000E+00   6.1451184614986472E-03   2.7539362166232028E-04   4.3893387292318124E-04
         1         74   0.0000000000000000E+00   8.6649758453646083E-03   2.0949533861138485E-03   1.1006208478316749E-03
         1         75   8.6153958900051835E-08   1.1042125229849393E-02   2.3175517219200495E-03   1.2050757089067544E-03
         1         76   0.0000000000000000E+00   2.1716738207519778E-04   2.1294603112513361E-06   7.3599169134913116E-06
         1         77   0.0000000000000000E+00   1.8087194352205341E-04   3.8043495821911463E-06   8.4562352025593433E-06
         1         78   0.0000000000000000E+00   2.0759396749225041E-04   1.1530779869040436E-05   1.6218091300380619E-05
         1         79   0.0000000000000000E+00   1.5281932128151409E-04   1.5774586907794209E-06   4.6514072532996413E-06
         1         80   0.0000000000000000E+00   1.5813501940364132E-04   1.0530555486525224E-05   1.2785810535475912E-05
         1         81   1.1701095714028279E-11   2.1936041765078498E-04   2.6107825585708510E-05   1.8698014482886356E-05
         1         82   0.0000000000000000E+00   2.1060003368309562E-03   8.4045855013768620E-05   1.4886087209215601E-04
         1         83   0.0000000000000000E+00   2.1049949475335978E-03   1.7100755962729357E-04   2.0304097211989601E-04
         1         84   0.0000000000000000E+00   3.0567016776757890E-03   7.4570799634942903E-04   4.1966595294445496E-04
         1         85   0.0000000000000000E+00   1.4213615201143829E-03   7.6531921674084238E-05   1.1863435300728812E-04
         1         86   0.0000000000000000E+00   2.3509864596991505E-03   6.3192544634190818E-04   3.1220650728637365E-04
         1         87   2.7474679848867799E-08   2.9742469002368719E-03   4.9484848733509154E-04   3.3836452242132133E-04
         1         88   0.0000000000000000E+00   1.5627664705517317E-04   9.6358825759660135E-06   1.2046717556406293E-05
         1         89   0.0000000000000000E+00   1.9829920113286701E-04   2.1634845825849508E-05   1.6623112885902147E-05
         1         90   0.0000000000000000E+00   2.6067843990004925E-04   6.0286937900317461E-05   3.4078198711293264E-05
         1         91   0.0000000000000000E+00   1.7180393686010950E-04   1.1641720565357349E-05   1.3396486682910976E-05
         1         92   0.0000000000000000E+00   2.2957279281121887E-04   7.0039963044368140E-05   3.4899788219425228E-05
         1         93   9.3285435275503178E-08   3.5136407731600983E-04   1.1241000123886710E-04   4.1856836220213456E-05
         1         94   0.0000000000000000E+00   3.9722381467703556E-04   2.7614358850345171E-05   3.2087145991846846E-05
         1         95   0.0000000000000000E+00   4.9638726607676581E-04   6.2112237385057918E-05   4.3781209148680369E-05
         1         96   0.0000000000000000E+00   6.8622333147151226E-04   1.9270179938050611E-04   9.3778167614595064E-05
         1         97   0.0000000000000000E+00   4.1244063719658215E-04   3.3040784458615046E-05   3.5000491274612832E-05
         1         98   0.0000000000000000E+00   6.4262036094239652E-04   2.1147972790385396E-04   8.9384488219504494E-05
         1         99   2.9177353194548324E-07   8.9738234161847662E-04   2.4283555872539416E-04   9.7221284050285812E-05
         1        100   0.0000000000000000E+00   1.1290930618455917E-05   1.9205166029137673E-07   5.0106504380954019E-07
         1        101   0.0000000000000000E+00   8.8814290219605645E-06   3.8524987274538571E-07   6.5558535405697529E-07
         1        102   0.0000000000000000E+00   1.1844536124290167E-05   1.1558289976535664E-06   1.2249059269771055E-06
         1        103   0.0000000000000000E+00   8.6678551448967737E-06   1.7883394023944035E-07   4.1158949643452697E-07
         1        104   0.0000000000000000E+00   9.4394189737827413E-06   1.1603035627556704E-06   1.0735706283633491E-06
         1        105   2.5993945593419186E-11   1.1328389313192738E-05   2.5483087148415428E-06   1.4765571714937488E-06
         1        106   0.0000000000000000E+00   1.3239770901344331E-04   8.4453122011692897E-06   9.8703588748034049E-06
         1        107   0.0000000000000000E+00   1.4176866937695384E-04   1.8743030680389171E-05   1.3846704329010822E-05
         1        108   0.0000000000000000E+00   2.3831688047220537E-04   6.7555310735761801E-05   3.3286876777585552E-05
         1        109   0.0000000000000000E+00   1.2643492847877092E-04   9.6259985592664564E-06   1.0346198832518532E-05
         1        110   0.0000000000000000E+00   2.0830010613068046E-04   6.8490742341029023E-05   2.9944625703751737E-05
         1        111   1.1051467135107698E-07   2.4538714948001220E-04   5.8138412643721470E-05   3.1964810008075270E-05
         1        112   0.0000000000000000E+00   2.9401137134388470E-06   1.8356862009646881E-07   2.5356855272335714E-07
         1        113   0.0000000000000000E+00   2.2886032996614859E-06   3.9857684971376281E-07   3.3492374493101749E-07
         1        114   0.0000000000000000E+00   3.0136643801506368E-06   6.6662219744868569E-07   3.3115000832929610E-07
         1        115   0.0000000000000000E+00   2.5477541797836672E-06   2.0892458041488308E-07   2.4301592455326784E-07
         1        116   0.0000000000000000E+00   2.8721034723320736E-06   7.7895177590655454E-07   3.4498188426162620E-07
         1        117   1.2099993578146292E-08   3.6368990974152828E-06   1.0987707440453088E-06   3.6547505546637906E-07
         1        118   0.0000000000000000E+00   8.7917682011926598E-06   5.3605726242061689E-07   7.4637830512623463E-07
         1        119   0.0000000000000000E+00   6.8345579079281309E-06   1.1698239376546749E-06   9.9208648003400401E-07
         1        120   0.0000000000000000E+00   9.4241129114952356E-06   2.0383167526702320E-06   9.5124544629753292E-07
         1        121   0.0000000000000000E+00   7.5173710400569318E-06   6.1528809341505564E-07   7.0952275005468570E-07
         1        122   0.0000000000000000E+00   8.5984718938222932E-06   2.3603020201622257E-06   9.9713509972217680E-07
         1        123   5.8015967930019678E-08   1.1007024711706239E-05   2.8281287032042964E-06   1.1424660738225083E-06
         1        124   0.0000000000000000E+00   4.6977011430103066E-08   1.6529000705704848E-09   2.9798992196211917E-09
         1        125   0.0000000000000000E+00   5.5530527422834931E-08   3.5451352114878597E-09   4.2275352596741169E-09
         1        126   0.0000000000000000E+00   6.9424453955046128E-08   1.0582991752076754E-08   7.7192234288429025E-09
         1        127   0.0000000000000000E+00   5.2125290610486574E-08   1.7606008830898431E-09   2.9329699252899839E-09
         1        128   0.0000000000000000E+00   5.3894930822816181E-08   1.1079344175477695E-08   7.0240195446830172E-09
         1        129   3.7142690826690992E-12   6.7325751720824297E-08   1.8341904862941674E-08   8.0465529638408292E-09
         1        130   0.0000000000000000E+00   2.1678572413426090E-06   1.4830307598446807E-07   1.8953342209906104E-07
         1        131   0.0000000000000000E+00   1.7177639347755327E-06   3.2570533246787848E-07   2.4531026914626050E-07
         1        132   0.0000000000000000E+00   2.8702734607429150E-06   6.8810271721320553E-07   3.1643338747994849E-07
         1        133   0.0000000000000000E+00   1.8361895482147352E-06   1.7137958072069221E-07   1.8137551285375087E-07
         1        134   0.0000000000000000E+00   2.5333883081999820E-06   7.6882517027673888E-07   3.2257267137477096E-07
         1        135   1.8379332939845545E-08   3.2347310625337616E-06   7.7266392301318367E-07   3.8053102173721775E-07
         2          1   0.0000000000000000E+00   3.9480029060268601E-01   4.6447305258056827E-02   4.9021503252816581E-02
         2          2   0.0000000000000000E+00   3.1807753466754307E-01   3.8719330364597522E-02   3.6648500134251347E-02
         2          3   1.2771384452691271E-03   3.8963906656047759E-01   1.4918859827223921E-01   4.9773487762459274E-02
         2          4   0.0000000000000000E+00   7.6011949557309078E-01   1.1565279914342312E-01   9.7785493931597814E-02
         2          5   0.0000000000000000E+00   6.0751534364214188E-01   1.0754210141638114E-01   8.2293119428595476E-02
         2          6   1.1735831073638668E-02   8.0486411576618966E-01   3.8815898407996641E-01   1.0291242900517178E-01
         2          7   0.0000000000000000E+00   6.6642816384768622E-01   1.3065113568117018E-01   8.0309431304956880E-02
         2          8   0.0000000000000000E+00   5.7023030719221890E-01   1.3066294696721922E-01   7.3961546254826926E-02
         2          9   4.0705422427420798E-02   7.7266192789964239E-01   4.1789393545274278E-01   8.0920521445111318E-02
         2         10   0.0000000000000000E+00   2.5622170400980199E-01   7.3076798862220835E-02   3.4771886445716542E-02
         2         11   0.0000000000000000E+00   2.4850696109450474E-01   7.4997009740235293E-02   3.2365207603803056E-02
         2         12   3.2648472119543553E-02   3.5975982702426035E-01   2.0149266788293221E-01   3.4996282885954542E-02
         2         13   0.0000000000000000E+00   6.7288076904735372E-02   2.0902762034350861E-02   1.0133232600521319E-02
         2         14   0.0000000000000000E+00   6.5052928673704047E-02   2.1297889975450367E-02   9.4863700941406146E-03
         2         15   8.5968642301108740E-03   9.7108431142301638E-02   4.8741215611096241E-02   1.1313309200386189E-02
         2         16   0.0000000000000000E+00   1.1019353244601999E-03   7.4934286794475066E-06   2.6887677458574341E-05
         2         17   0.0000000000000000E+00   7.2215064764512065E-04   9.4618714953584817E-06   2.2898453425294429E-05
         2         18   0.0000000000000000E+00   8.2720061063919833E-04   3.0962084529795570E-05   4.3078870510601811E-05
         2         19   0.0000000000000000E+00   3.5313174710192955E-04   2.6874341175064836E-06   8.9975386953637466E-06
         2         20   0.0000000000000000E+00   4.6361077408202210E-04   1.7599032894851426E-05   2.3203861322723686E-05
         2         21   6.3955971512818681E-12   5.9412245016767222E-04   2.1619024835655424E-05   2.5059565310468279E-05
         2         22   0.0000000000000000E+00   3.4778707290293053E-03   2.4571468200331870E-05   8.6213534510428753E-05
         2         23   0.0000000000000000E+00   2.0450358630795073E-03   2.9487974810447743E-05   6.9572641309391053E-05
         2         24   0.0000000000000000E+00   2.3219491489730746E-03   1.0275569201309475E-04   1.3084882288239797E-04
         2         25   0.0000000000000000E+00   9.9839006816790669E-04   7.9018100415233188E-06   2.5722277507702499E-05
         2         26   0.0000000000000000E+00   1.2740942616130640E-03   5.3517141442644722E-05   6.4968713594519147E-05
         2         27   2.2213984918498411E-11   1.6373772002252502E-03   5.3484073884924463E-05   6.7626961540103161E-05
         2         28   0.0000000000000000E+00   1.2626437645600141E-05   4.4210331374853266E-08   2.2236020148615419E-07
         2         29   0.0000000000000000E+00   9.1907982343730895E-06   5.0402596512580104E-08   1.6811663383590496E-07
         2         30   0.0000000000000000E+00   1.2327950978293839E-05   1.4661027436572718E-07   3.1248207559571384E-07
         2         31   0.0000000000000000E+00   5.2524440159621532E-06   1.3363140460000367E-08   6.0908680492541635E-08
         2         32   0.0000000000000000E+00   6.4871418828912135E-06   8.7799610646941008E-08   1.6736889663532626E-07
         2         33   9.5813894935899847E-16   9.7789472387326574E-06   2.0450601943375748E-07   2.4614669932253464E-07
         2         34   0.0000000000000000E+00   9.2737342192765069E-04   7.6839916223987678E-06   2.7016502961330421E-05
         2         35   0.0000000000000000E+00   7.3023714352543373E-04   8.5904129710434847E-06   2.0219080782975863E-05
         2         36   0.0000000000000000E+00   6.6216961001467375E-04   3.1955417352522945E-05   3.8099262088687906E-05
         2         37   0.0000000000000000E+00   2.6541430165556934E-04   2.1169145301748543E-06   6.8002094734606221E-06
         2         38   0.0000000000000000E+00   3.4234417170652109E-04   1.5087829587882615E-05   1.7046110190123203E-05
         2         39   7.1556809680100765E-12   3.9045023603108560E-04   1.2564434101320557E-05   1.7356337387064248E-05
         2         40   0.0000000000000000E+00   5.7062345489535650E-03   9.4431735283832387E-05   2.4236594078686421E-04
         2         41   0.0000000000000000E+00   3.8244475129363821E-03   1.5174646325265644E-04   2.5960033192230618E-04
         2         42   0.0000000000000000E+00   5.5890475442907902E-03   5.1167201652559352E-04   4.9761661102536538E-04
         2         43   0.0000000000000000E+00   2.7700981139724646E-03   5.4903997969689220E-05   1.2734371073867969E-04
         2         44   0.0000000000000000E+00   3.6031577359339814E-03   3.8143653413568650E-04   3.3797829723660388E-04
         2         45   3.2575096112918844E-09   4.8150749006131369E-03   5.2474785044162239E-04   3.7976403634519410E-04
         2         46   0.0000000000000000E+00   1.5563755874382797E-02   2.9775838157432538E-04   7.3123518289746876E-04
         2         47   0.0000000000000000E+00   1.1030565528657599E-02   4.6369888405862488E-04   7.6205938466696553E-04
         2         48   0.0000000000000000E+00   1.6812081527956633E-02   1.7219586474605661E-03   1.4453180645412989E-03
         2         49   0.0000000000000000E+00   7.7585163855230311E-03   1.6037316417329297E-04   3.5512905940867127E-04
         2         50   0.0000000000000000E+00   9.2706147084009437E-03   1.1806318899847212E-03   9.0717168924309784E-04
         2         51   1.4419170053886957E-08   1.1522005230872030E-02   1.2220742035632026E-03   9.9207776018396033E-04
         2         52   0.0000000000000000E+00   1.4580507872715692E-04   9.3567430006532058E-07   3.6384291127621830E-06
         2         53   0.0000000000000000E+00   1.3679682168014958E-04   1.2553214188674598E-06   3.1812943302885480E-06
         2         54   0.0000000000000000E+00   1.6962445695442452E-04   3.5920832224254153E-06   5.9285725311075773E-06
         2         55   0.0000000000000000E+00   8.0841229208931112E-05   3.9462952215881280E-07   1.3599016555940446E-06
         2         56   0.0000000000000000E+00   9.3978655894320641E-05   2.5987274069841573E-06   3.7685480239530038E-06
         2         57   3.8101705634871706E-13   1.2752880422229500E-04   6.7764132640640169E-06   6.5763001291932014E-06
         2         58   0.0000000000000000E+00   5.0684241253995859E-03   9.4723781903312341E-05   2.3160236592125851E-04
         2         59   0.0000000000000000E+00   3.5915906171174318E-03   1.3893930000065822E-04   2.2671729422046958E-04
         2         60   0.0000000000000000E+00   5.1894896263229616E-03   5.6499142223772486E-04   4.3069325461281608E-04
         2         61   0.0000000000000000E+00   1.9777468817916669E-03   4.4590285150617974E-05   9.6920302715040616E-05
         2         62   0.0000000000000000E+00   2.5131211071809222E-03   3.5261639939981036E-04   2.4545876618440980E-04
         2         63   5.1336079698254701E-09   2.9755459405471883E-03   2.8415937282605966E-04   2.6611726147945420E-04
         2         64   0.0000000000000000E+00   3.1495553910925659E-03   9.2838719581698421E-05   1.7623927960539661E-04
         2         65   0.0000000000000000E+00   2.5379406209564723E-03   1.8084405158910879E-04   2.2731372266928765E-04
         2         66   0.0000000000000000E+00   3.2011710671690629E-03   6.1183164261545658E-04   4.4150091025670280E-04
         2         67   0.0000000000000000E+00   2.2715035266436716E-03   8.0067212756674438E-05   1.3698239072068824E-04
         2         68   0.0000000000000000E+00   2.9851088150889800E-03   5.7577376034168362E-04   3.7190446982633945E-04
         2         69   8.9722871219887501E-08   4.1873994430734508E-03   8.8140461483212653E-04   4.4745765235384288E-04
         2         70   0.0000000000000000E+00   8.5960763889892447E-03   2.7772601719269530E-04   4.9024794152074036E-04
         2         71   0.0000000000000000E+00   7.7535878510435327E-03   5.3764589691242888E-04   6.3634371444016929E-04
         2         72   0.0000000000000000E+00   9.8187567997399389E-03   2.0733153724603365E-03   1.2374861180284120E-03
         2         73   0.0000000000000000E+00   5.8957866838530628E-03   2.3207661308307045E-04   3.7061831065874956E-04
         2         74   0.0000000000000000E+00   7.9165827306958165E-03   1.8095773562014942E-03   9.7310133143329453E-04
         2         75   4.9750750501943116E-07   1.0606910537883067E-02   1.9808119909830329E-03   1.0941896554212641E-03
         2         76   0.0000000000000000E+00   1.3115823494592988E-04   1.4346357823439481E-06   4.4097759797230086E-06
         2         77   0.0000000000000000E+00   1.1718515173265182E-04   2.2317109566982712E-06   4.4684354945738416E-06
         2         78   0.0000000000000000E+00   1.1890689146011379E-04   6.3148974960839822E-06   8.2786022189532170E-06
         2         79   0.0000000000000000E+00   9.4281700354484531E-05   8.1159913486239656E-07   2.2273917903484335E-06
         2         80   0.0000000000000000E+00   8.0680562336812566E-05   5.3076802306970205E-06   6.0990120886303926E-06
         2         81   7.6281913201830437E-12   1.2250023928417423E-04   1.3991343266342494E-05   1.1991736172715343E-05
         2         82   0.0000000000000000E+00   2.3128441545552966E-03   8.9305684601312325E-05   1.5752249380244932E-04
         2         83   0.0000000000000000E+00   2.5301405700142816E-03   1.6556044525483128E-04   1.9604759761939120E-04
         2         84   0.0000000000000000E+00   3.1526105762327687E-03   7.1619294374360718E-04   3.9912253601380991E-04
         2         85   0.0000000000000000E+00   1.5522802660680698E-03   6.7262489191559230E-05   1.0585396571653637E-04
         2         86   0.0000000000000000E+00   2.3161235694388409E-03   5.7168207476422661E-04   2.9201743097384292E-04
         2         87   2.0729614627949001E-07   2.7329761423242746E-03   4.6586300439980448E-04   3.2216549434487614E-04
         2         88   0.0000000000000000E+00   1.9443789327359059E-04   1.0309695349386752E-05   1.2995529214422037E-05
         2         89   0.0000000000000000E+00   2.0489982654351688E-04   2.1833928021160097E-05   1.7198382011032782E-05
         2         90   0.0000000000000000E+00   2.5343371937704715E-04   6.2493208526488502E-05   3.5551402469919261E-05
         2         91   0.0000000000000000E+00   1.6670242829111242E-04   1.0644491075017253E-05   1.2648459192403338E-05
         2         92   0.0000000000000000E+00   2.4522254696497246E-04   6.8536235857297759E-05   3.5124809872139130E-05
         2         93   9.5181351732890361E-08   3.4851263727778619E-04   1.1050936832024569E-04   4.2322737565927908E-05
         2         94   0.0000000000000000E+00   4.5551902286823735E-04   2.9605735696844447E-05   3.4428340439217503E-05
         2         95   0.0000000000000000E+00   5.0258736198895214E-04   6.3352152729409075E-05   4.6021585266840436E-05
         2         96   0.0000000000000000E+00   7.4403866060853980E-04   2.0586192412693253E-04   9.9682662733246454E-05
         2         97   0.0000000000000000E+00   4.3588183909725668E-04   3.0765885563823031E-05   3.3761250297543662E-05
         2         98   0.0000000000000000E+00   7.0111215321463872E-04   2.1437308338421616E-04   9.3885235018644262E-05
         2         99   5.3176697739082672E-07   9.2198947170970169E-04   2.5612005011118927E-04   1.0604074325645189E-04
         2        100   0.0000000000000000E+00   8.0493987315723759E-06   1.6845380422352978E-07   4.0738962724661017E-07
         2        101   0.0000000000000000E+00   6.7075583619155867E-06   2.9836016735935283E-07   4.7194351549648489E-07
         2        102   0.0000000000000000E+00   8.4003456223688383E-06   8.5222832147683741E-07   8.6251062695320737E-07
         2        103   0.0000000000000000E+00   6.4312591995228129E-06   1.2220163220784210E-07   2.6933816710163471E-07
         2        104   0.0000000000000000E+00   7.2308934797645779E-06   7.9529207864885476E-07   7.0765667313174303E-07
         2        105   8.3465387737218365E-12   8.8770848799283506E-06   1.8424801050945895E-06   1.3024870734442523E-06
         2        106   0.0000000000000000E+00   1.4165753830886065E-04   9.0690672976170326E-06   1.0744196576990765E-05
         2        107   0.0000000000000000E+00   1.5742251529962925E-04   1.9161916226750152E-05   1.4626500827096476E-05
         2        108   0.0000000000000000E+00   2.3184463665932716E-04   7.2540261407970025E-05   3.4882321820340073E-05
         2        109   0.0000000000000000E+00   1.2922459144452619E-04   9.0359692706997425E-06   1.0069661315991358E-05
         2        110   0.0000000000000000E+00   2.2499414934597979E-04   7.0056008829203178E-05   3.1022619487317782E-05
         2        111   2.3424121425661413E-07   2.7721474664616841E-04   6.3663768066600247E-05   3.4770701312898712E-05
         2        112   0.0000000000000000E+00   2.5550199917939082E-06   1.9228131401038722E-07   2.4896628447045889E-07
         2        113   0.0000000000000000E+00   2.3562188112041461E-06   4.0223619364094426E-07   3.2269476195957318E-07
         2        114   0.0000000000000000E+00   3.1658423550170561E-06   7.3826601040459348E-07   3.6976545521436417E-07
         2        115   0.0000000000000000E+00   2.3728143932256241E-06   1.9272494839408827E-07   2.2162684419347092E-07
         2        116   0.0000000000000000E+00   3.0060848395792435E-06   8.3106208978939446E-07   3.7977368668866473E-07
         2        117   7.3612311410597738E-09   4.0359770438219682E-06   1.2728573823702482E-06   4.1949652072119471E-07
         2        118   0.0000000000000000E+00   7.6461651117301245E-06   5.5524792618297129E-07   7.2793399472109452E-07
         2        119   0.0000000000000000E+00   6.5600098097510084E-06   1.1691047003141038E-06   9.5482241878245426E-07
         2        120   0.0000000000000000E+00   9.6698682208662596E-06   2.2541884997551810E-06   1.0382176303315239E-06
         2        121   0.0000000000000000E+00   6.5479721269514202E-06   5.6265151449428831E-07   6.4465967936488369E-07
         2        122   0.0000000000000000E+00   8.7007738423665539E-06   2.5127941131491231E-06   1.0709402279041974E-06
         2        123   4.0711779470455890E-08   1.2489116306717062E-05   3.3000293870332348E-06   1.3219879451033533E-06
         2        124   0.0000000000000000E+00   6.0900742318113349E-08   1.7232051289595916E-09   3.0514309425996340E-09
         2        125   0.0000000000000000E+00   4.3624239095360532E-08   3.3756992381444380E-09   3.9115612078601618E-09
         2        126   0.0000000000000000E+00   5.6580325413777787E-08   9.8587941157504996E-09   7.1075553872021639E-09
         2        127   0.0000000000000000E+00   3.6905868506147811E-08   1.5070997020474364E-09   2.5051793360010952E-09
         2        128   0.0000000000000000E+00   5.1668199809946838E-08   9.7341219422671679E-09   6.1390896218311195E-09
         2        129   8.1221682064391769E-13   6.1910411561463715E-08   1.7077636659753071E-08   8.2690173637771655E-09
         2        130   0.0000000000000000E+00   1.9196823853741276E-06   1.5284259215124299E-07   1.8526131324124989E-07
         2        131   0.0000000000000000E+00   1.5798020266567354E-06   3.2380787536099317E-07   2.3854584264429644E-07
         2        132   0.0000000000000000E+00   2.9107174204801970E-06   7.5229881401424828E-07   3.3746246816832674E-07
         2        133   0.0000000000000000E+00   1.6926818146057982E-06   1.5621671080248180E-07   1.6641446581050321E-07
         2        134   0.0000000000000000E+00   2.5153162485004876E-06   8.0769205419499576E-07   3.3865353764079588E-07
         2        135   1.7526541578805222E-08   3.6423234367822677E-06   8.8946811917378722E-07   4.2954066805454411E-07
         3          1   0.0000000000000000E+00   4.4700069533768522E-01   7.6986918490567061E-02   5.3770899590046578E-02
         3          2   0.0000000000000000E+00   3.2344223949196171E-01   6.0812944902990974E-02   3.9486430842761162E-02
         3          3   5.0056658691944201E-04   4.0079961967398259E-01   8.1397294043179358E-02   5.3008862563923974E-02
         3          4   0.0000000000000000E+00   7.8460363311420256E-01   1.7580630023028393E-01   1.0690056742107253E-01
         3          5   0.0000000000000000E+00   6.2930185146631323E-01   1.5822315636602069E-01   8.8971523191418822E-02
         3          6   4.7250075979194950E-03   8.1111721138962645E-01   2.4556799513903141E-01   1.1654652477689796E-01
         3          7   0.0000000000000000E+00   6.8745465700662589E-01   1.6839249261355235E-01   8.7808269532964556E-02
         3          8   0.0000000000000000E+00   5.7828575431511597E-01   1.7034385446538908E-01   8.2029430093881264E-02
         3          9   1.7090642633383536E-02   8.1574046786992993E-01   3.2725014694188681E-01   9.3718759735198942E-02
         3         10   0.0000000000000000E+00   2.7694472819505372E-01   7.4665233132561473E-02   3.4326118031169688E-02
         3         11   0.0000000000000000E+00   2.5868863218948535E-01   8.2133371130423058E-02   3.5077175427360316E-02
         3         12   2.4080239568795663E-02   3.7659577409328682E-01   2.0083167648811753E-01   3.3857262738530104E-02
         3         13   0.0000000000000000E+00   6.7671569405245047E-02   1.7631744456792466E-02   8.3109747117959924E-03
         3         14   0.0000000000000000E+00   6.9602279130843880E-02   1.9868119238264561E-02   8.6263233625387282E-03
         3         15   1.1164975332178835E-02   1.0755847586611067E-01   5.7752562784519332E-02   1.2157902998187961E-02
         3         16   0.0000000000000000E+00   1.4330518695186165E-03   1.1762493146862545E-05   3.0893896201282033E-05
         3         17   0.0000000000000000E+00   7.3888460991068238E-04   1.4145553003646189E-05   2.4866437976089090E-05
         3         18   0.0000000000000000E+00   1.0239893601877127E-03   2.7763213814136947E-05   3.7910498842163873E-05
         3         19   0.0000000000000000E+00   3.7564524418040482E-04   3.8937811480166490E-06   9.8921937605785940E-06
         3         20   0.0000000000000000E+00   8.0284858781511960E-04   1.4584979790478915E-05   2.0252459218337220E-05
         3         21   7.5602471774401887E-13   4.7522410118742959E-04   1.0063496927411729E-05   1.8631363052742795E-05
         3         22   0.0000000000000000E+00   3.0349324083543895E-03   3.4359050358567686E-05   9.6304742426180949E-05
         3         23   0.0000000000000000E+00   2.0886731338105448E-03   4.0361104151308768E-05   7.5988231813224884E-05
         3         24   0.0000000000000000E+00   2.8380526639309638E-03   9.6728437708206675E-05   1.1853589986953273E-04
         3         25   0.0000000000000000E+00   1.0829269358700459E-03   1.0600570437101779E-05   2.8150594502122505E-05
         3         26   0.0000000000000000E+00   2.1621266884474886E-03   4.6642763581762176E-05   5.8450812247785400E-05
         3         27   3.4040528566686035E-12   1.1876590391988896E-03   2.9539920042818494E-05   5.2046377398736952E-05
         3         28   0.0000000000000000E+00   1.9767095696289569E-05   1.0610786549852479E-07   3.0202153788204539E-07
         3         29   0.0000000000000000E+00   1.2330589220253505E-05   1.1475173084238219E-07   2.0768588973892777E-07
         3         30   0.0000000000000000E+00   1.8390787418313883E-05   1.1838574319958351E-07   2.6684769552676438E-07
         3         31   0.0000000000000000E+00   8.4237511823617973E-06   2.9595152920193320E-08   7.7159331682598871E-08
         3         32   0.0000000000000000E+00   6.8550008264391779E-06   6.2458967568041764E-08   1.3656335107623488E-07
         3         33   9.4212403394581282E-18   7.4928095520935112E-06   5.0722538213161481E-08   1.3956622687899621E-07
         3         34   0.0000000000000000E+00   1.2242965174193267E-03   1.0044024133351055E-05   2.9887118016092376E-05
         3         35   0.0000000000000000E+00   5.8073970094065874E-04   1.1204594847363647E-05   2.2246261490287655E-05
         3         36   0.0000000000000000E+00   7.5191556034840225E-04   3.1428266443329671E-05   3.5598849191533763E-05
         3         37   0.0000000000000000E+00   3.1308319551441241E-04   2.7316514497938994E-06   7.4903962983380435E-06
         3         38   0.0000000000000000E+00   5.8581550936518745E-04   1.3757663641655937E-05   1.5814120114530248E-05
         3         39   1.3026708596493971E-12   3.3903719533434808E-04   7.9826236826126612E-06   1.3806200461145521E-05
         3         40   0.0000000000000000E+00   6.4113882941935763E-03   1.6410294519111961E-04   2.9228440276551752E-04
         3         41   0.0000000000000000E+00   4.6737497847828303E-03   2.5047270040727852E-04   2.7567226505171731E-04
         3         42   0.0000000000000000E+00   5.7750644526688042E-03   4.7774729059283820E-04   4.3679086334983590E-04
         3         43   0.0000000000000000E+00   3.4576893076637334E-03   8.9015615659701416E-05   1.4608170590459858E-04
         3         44   0.0000000000000000E+00   3.9660686995684358E-03   3.3323510549268791E-04   2.9895779982077887E-04
         3         45   5.6333332775967303E-10   5.3811755173847949E-03   2.4345432380855835E-04   3.0647361223275037E-04
         3         46   0.0000000000000000E+00   1.6609249525869979E-02   4.3213033545630154E-04   8.2200852482888147E-04
         3         47   0.0000000000000000E+00   1.3014005260285299E-02   6.6001013860131873E-04   8.1117460001572288E-04
         3         48   0.0000000000000000E+00   1.6366875833418663E-02   1.6877367459731125E-03   1.3339172168728886E-03
         3         49   0.0000000000000000E+00   8.9699879464949922E-03   2.2935315417548183E-04   3.9777572880289602E-04
         3         50   0.0000000000000000E+00   1.0978502168815447E-02   1.0908602282764203E-03   8.4398418443985530E-04
         3         51   3.8526499337286583E-09   1.1678412835489317E-02   7.1150213675866530E-04   8.3783428741478357E-04
         3         52   0.0000000000000000E+00   2.4264748367756008E-04   2.4142970544274480E-06   5.3008701377859897E-06
         3         53   0.0000000000000000E+00   1.1242957096766410E-04   3.1687410001423048E-06   4.2717532937133798E-06
         3         54   0.0000000000000000E+00   1.5290457690499235E-04   3.0081841647171608E-06   4.9934434415881524E-06
         3         55   0.0000000000000000E+00   1.1410281002622726E-04   9.8673507798749948E-07   1.9753780343454941E-06
         3         56   0.0000000000000000E+00   9.1260505482970575E-05   1.9159320952549067E-06   3.0374698250997193E-06
         3         57   1.0208569991304396E-14   9.1925933180996084E-05   1.5719505836447417E-06   3.1468260992860845E-06
         3         58   0.0000000000000000E+00   4.7721967192446979E-03   1.2350485506376624E-04   2.5672619019443505E-04
         3         59   0.0000000000000000E+00   3.8678919986912500E-03   1.8176681446020320E-04   2.4810757460956123E-04
         3         60   0.0000000000000000E+00   4.9436067323202935E-03   5.7508643148939970E-04   4.1926710993242278E-04
         3         61   0.0000000000000000E+00   2.2297073745331454E-03   5.9481237150145430E-05   1.0981239169531126E-04
         3         62   0.0000000000000000E+00   2.9661014163159466E-03   3.4026501709078736E-04   2.3889912435755007E-04
         3         63   8.2575986006170079E-10   3.0976270038762421E-03   1.9697090683148483E-04   2.2629931038470777E-04
         3         64   0.0000000000000000E+00   3.4576420206992482E-03   1.7068343655597215E-04   2.3511909401461036E-04
         3         65   0.0000000000000000E+00   2.8431079080777940E-03   3.1952090732365951E-04   2.5043580700200111E-04
         3         66   0.0000000000000000E+00   3.3495844218217065E-03   5.9972025063544196E-04   4.0044467395919874E-04
         3         67   0.0000000000000000E+00   2.6575625548548882E-03   1.4098895224958448E-04   1.7400727055967967E-04
         3         68   0.0000000000000000E+00   2.9658190773530885E-03   5.4198719187089717E-04   3.4163693602689128E-04
         3         69   2.1419488273929136E-08   4.0457936216707433E-03   4.5120773741662962E-04   3.8305390421956978E-04
         3         70   0.0000000000000000E+00   9.1590444140118975E-03   4.0258547534814595E-04   5.5811562447433583E-04
         3         71   0.0000000000000000E+00   7.7786650651907605E-03   7.7501111037289630E-04   6.6382117905147339E-04
         3         72   0.0000000000000000E+00   1.0053752740039806E-02   2.1017166219455324E-03   1.2100600110572742E-03
         3         73   0.0000000000000000E+00   6.8901601953362066E-03   3.4517496276998864E-04   4.3135634078950928E-04
         3         74   0.0000000000000000E+00   8.3614998319883789E-03   1.7914326909573995E-03   9.6323476629196498E-04
         3         75   1.7943279446393780E-07   1.1118380214743068E-02   1.3138497192831063E-03   1.0300223141063735E-03
         3         76   0.0000000000000000E+00   1.8247114095585354E-04   3.6545472887967200E-06   6.7048411129109465E-06
         3         77   0.0000000000000000E+00   9.1850976613974962E-05   5.6839692441174843E-06   6.3569159045373037E-06
         3         78   0.0000000000000000E+00   1.1073248544582661E-04   5.6080060198599725E-06   7.0130593540179685E-06
         3         79   0.0000000000000000E+00   8.3508081725022868E-05   2.0897598040374056E-06   3.5980009388646359E-06
         3         80   0.0000000000000000E+00   8.8479964698100270E-05   4.2172833121828802E-06   4.9751432338184156E-06
         3         81   9.0128277512153331E-13   1.0673449952221421E-04   3.5343166148658474E-06   5.2589848955299080E-06
         3         82   0.0000000000000000E+00   2.7311826018115528E-03   1.1185018025889678E-04   1.7443442362188524E-04
         3         83   0.0000000000000000E+00   2.4363947096611746E-03   2.1146957381748145E-04   2.1588809615075491E-04
         3         84   0.0000000000000000E+00   3.1558487047577913E-03   7.4120985511701826E-04   4.1421077503971153E-04
         3         85   0.0000000000000000E+00   1.6559176170238105E-03   9.0606981842786564E-05   1.2441983572624124E-04
         3         86   0.0000000000000000E+00   2.3802940056345300E-03   5.8452275057077282E-04   3.0392908535827674E-04
         3         87   2.8516457817712421E-08   3.2637269642067585E-03   3.7083957656629214E-04   2.8785191251392477E-04
         3         88   0.0000000000000000E+00   2.2856897346467997E-04   1.5082195523254267E-05   1.7502234518581990E-05
         3         89   0.0000000000000000E+00   2.3147737424214035E-04   3.2651857000613002E-05   2.1243851540881055E-05
         3         90   0.0000000000000000E+00   2.8078085229101625E-04   6.3990757855383106E-05   3.4705201289384297E-05
         3         91   0.0000000000000000E+00   1.9592820045701107E-04   1.6841907365572774E-05   1.7681145594722804E-05
         3         92   0.0000000000000000E+00   2.3713416521494978E-04   7.0820302490002410E-05   3.5001561407248251E-05
         3         93   4.7964389765470894E-08   3.7244949153302350E-04   7.8920344168740758E-05   3.5796534477853625E-05
         3         94   0.0000000000000000E+00   5.5336851376795260E-04   3.4068845680391207E-05   3.7354507685917315E-05
         3         95   0.0000000000000000E+00   6.6539054087859535E-04   7.6736300576332533E-05   5.0744725635379862E-05
         3         96   0.0000000000000000E+00   7.9921502557526460E-04   2.1207985845563039E-04   1.0184897562894625E-04
         3         97   0.0000000000000000E+00   4.5384837393534441E-04   4.0818493773735557E-05   4.1123465475232861E-05
         3         98   0.0000000000000000E+00   7.1526904433605917E-04   2.2807404843353264E-04   9.9690734580974326E-05
         3         99   3.3516083391112237E-07   9.4064814606542016E-04   2.2999176030021219E-04   9.6090057210555910E-05
         3        100   0.0000000000000000E+00   9.4618141943721823E-06   3.7979908141804353E-07   6.0116821268406302E-07
         3        101   0.0000000000000000E+00   6.8759500646544084E-06   6.8120015761664726E-07   6.5368743040459314E-07
         3        102   0.0000000000000000E+00   8.3930294243389224E-06   8.1363053809522975E-07   7.5556272368171499E-07
         3        103   0.0000000000000000E+00   6.7242018994589963E-06   2.8858013455616566E-07   4.3999212426257845E-07
         3        104   0.0000000000000000E+00   6.3706315416334032E-06   7.0773112140450793E-07   6.0394635483619851E-07
         3        105   5.9726704436764434E-12   7.8460384266106051E-06   6.1723560064010530E-07   6.6495386596256308E-07
         3        106   0.0000000000000000E+00   1.5950432086757140E-04   9.3444367275277691E-06   1.1464586978204463E-05
         3        107   0.0000000000000000E+00   2.0457750805852199E-04   2.1046173916691976E-05   1.7050454171048339E-05
         3        108   0.0000000000000000E+00   2.6265503580885175E-04   7.4662958738019649E-05   3.6017060290495142E-05
         3        109   0.0000000000000000E+00   1.3516901195580812E-04   1.1023286518036607E-05   1.2291033352843456E-05
         3        110   0.0000000000000000E+00   2.3854683408255876E-04   7.5458911107365912E-05   3.3479748581005671E-05
         3        111   5.2724039656276348E-08   2.9337221589837938E-04   6.4563786282668611E-05   2.8460739020694147E-05
         3        112   0.0000000000000000E+00   1.8624489515082019E-06   1.5130224181297541E-07   1.5408336806358801E-07
         3        113   0.0000000000000000E+00   2.3325773719064981E-06   3.4643902363289240E-07   2.0384088514243199E-07
         3        114   0.0000000000000000E+00   3.4044374491629185E-06   7.6063371793037473E-07   3.8479646768823597E-07
         3        115   0.0000000000000000E+00   2.0558694052738034E-06   1.9050192767740046E-07   1.7859948387450495E-07
         3        116   0.0000000000000000E+00   3.3306481330665361E-06   9.2559503477930119E-07   4.2092654225090244E-07
         3        117   7.2299062247283633E-09   4.1884043614571924E-06   1.5825655764029526E-06   7.9913876449051933E-07
         3        118   0.0000000000000000E+00   6.0188717493030650E-06   3.7421746005051940E-07   3.8259053034796225E-07
         3        119   0.0000000000000000E+00   6.4209575273054339E-06   8.7335909337184241E-07   5.4005071500417531E-07
         3        120   0.0000000000000000E+00   9.6113434693503072E-06   2.2910625529607823E-06   1.0735759440137518E-06
         3        121   0.0000000000000000E+00   5.8390169776832163E-06   4.9101712065413569E-07   4.6054111430601367E-07
         3        122   0.0000000000000000E+00   9.5304989529106638E-06   2.8024473810076037E-06   1.1931977152648767E-06
         3        123   3.1962892790870479E-08   1.2631606965573061E-05   4.6416763664342221E-06   2.4179263864567324E-06
         3        124   0.0000000000000000E+00   6.2432967312063084E-08   2.9720257883385231E-09   4.0539763685949765E-09
         3        125   0.0000000000000000E+00   4.3433639240001165E-08   5.9894622585083988E-09   4.8785477940253828E-09
         3        126   0.0000000000000000E+00   5.9220022057644533E-08   9.9783872743151795E-09   6.7023477848122884E-09
         3        127   0.0000000000000000E+00   4.2914157380093611E-08   2.8486967776806112E-09   3.7429576612747585E-09
         3        128   0.0000000000000000E+00   4.8816150891188656E-08   9.8107026731368849E-09   5.7528747011601920E-09
         3        129   1.8152092939456531E-12   6.8336048911276200E-08   9.2152912086440973E-09   6.4564290561331111E-09
         3        130   0.0000000000000000E+00   1.9639249913044606E-06   1.0319023355452102E-07   1.1248620687979077E-07
         3        131   0.0000000000000000E+00   1.8922492745633850E-06   2.4256298164974143E-07   1.6959871033958921E-07
         3        132   0.0000000000000000E+00   3.0793419329595274E-06   7.5508071737115207E-07   3.4307671323033606E-07
         3        133   0.0000000000000000E+00   1.9193467613314013E-06   1.3659355728946818E-07   1.3765512963271332E-07
         3        134   0.0000000000000000E+00   3.2918692810680257E-06   8.9349933140960185E-07   3.6761933427063362E-07
         3        135   5.2544294642150565E-09   4.0763812115778113E-06   1.2567013245878425E-06   5.7872276693526769E-07
